[LEFT_CAM_2K]
fx=1400.64
fy=1400.64
cx=1199.26
cy=665.383
k1=-0.169328
k2=0.0215448
p1=0
p2=0
k3=0

[RIGHT_CAM_2K]
fx=1398.9
fy=1398.9
cx=1185.9
cy=694.308
k1=-0.170978
k2=0.0246132
p1=0
p2=0
k3=0

[LEFT_CAM_FHD]
fx=1400.64
fy=1400.64
cx=1055.26
cy=584.383
k1=-0.169328
k2=0.0215448
p1=0
p2=0
k3=0

[RIGHT_CAM_FHD]
fx=1398.9
fy=1398.9
cx=1041.9
cy=613.308
k1=-0.170978
k2=0.0246132
p1=0
p2=0
k3=0

[LEFT_CAM_HD]
fx=700.32
fy=700.32
cx=686.13
cy=380.6915
k1=-0.169328
k2=0.0215448
p1=0
p2=0
k3=0

[RIGHT_CAM_HD]
fx=699.45
fy=699.45
cx=679.45
cy=395.154
k1=-0.170978
k2=0.0246132
p1=0
p2=0
k3=0

[LEFT_CAM_VGA]
fx=350.16
fy=350.16
cx=358.565
cy=197.84575
k1=-0.169328
k2=0.0215448
p1=0
p2=0
k3=0

[RIGHT_CAM_VGA]
fx=349.725
fy=349.725
cx=355.225
cy=205.077
k1=-0.170978
k2=0.0246132
p1=0
p2=0
k3=0

[STEREO]
Baseline=120
TY=0
TZ=0
CV_2K=0.0136312
CV_FHD=0.0136312
CV_HD=0.0136312
CV_VGA=0.0136312
RX_2K=-0.00880755
RX_FHD=-0.00880755
RX_HD=-0.00880755
RX_VGA=-0.00880755
RZ_2K=-0.000442395
RZ_FHD=-0.000442395
RZ_HD=-0.000442395
RZ_VGA=-0.000442395

[MISC]
Sensor_ID=0
